
1572895196885,-0.39404296875,-0.5302734375,0.58984375,-1.6641221374045803,7.908396946564886,-2.2748091603053435

1572895196886,-0.416015625,-0.5263671875,0.55224609375,-0.7938931297709924,2.4122137404580153,-4.351145038167939
1572895196886,-0.39599609375,-0.529296875,0.5615234375,3.480916030534351,5.251908396946565,1.9389312977099236
1572895196886,-0.41650390625,-0.544921875,0.55615234375,0.21374045801526717,8.396946564885496,2.6564885496183206
1572895196887,-0.4306640625,-0.54345703125,0.552734375,-1.1603053435114503,1.4045801526717556,-3.7099236641221376
1572895196888,-0.4404296875,-0.51806640625,0.560546875,1.1755725190839694,0.732824427480916,-2.427480916030534
1572895196888,-0.40283203125,-0.51708984375,0.59814453125,2.564885496183206,4.33587786259542,-7.038167938931298
1572895196889,-0.40283203125,-0.53564453125,0.56982421875,3.2061068702290076,0.9618320610687023,1.0076335877862594
1572895196890,-0.4365234375,-0.53369140625,0.548828125,3.2061068702290076,-2.564885496183206,0.916030534351145
1572895196989,-0.404296875,-0.56494140625,0.5673828125,3.3893129770992365,3.1755725190839694,1.7251908396946565
1572895196990,-0.44189453125,-0.572265625,0.54931640625,1.6946564885496183,5.343511450381679,1.816793893129771
1572895196990,-0.40087890625,-0.56787109375,0.5546875,-1.7557251908396947,0.4580152671755725,5.312977099236641
1572895196991,-0.400390625,-0.52978515625,0.556640625,4.580152671755725,4.488549618320611,5.755725190839694
1572895196991,-0.40087890625,-0.52734375,0.5546875,2.381679389312977,-2.030534351145038,-0.030534351145038167
1572895196992,-0.3974609375,-0.51953125,0.5576171875,-0.061068702290076333,-0.6717557251908397,-7.282442748091603
1572895196992,-0.40283203125,-0.5244140625,0.564453125,0.030534351145038167,-2.50381679389313,-5.66412213740458
1572895196993,-0.39892578125,-0.52490234375,0.5625,2.6564885496183206,-1.1450381679389312,-5.847328244274809
1572895196994,-0.39990234375,-0.51708984375,0.60400390625,1.083969465648855,-1.4351145038167938,-10.595419847328245
1572895196994,-0.42041015625,-0.5224609375,0.599609375,4.99236641221374,5.374045801526718,-3.2213740458015265
1572895196995,-0.3955078125,-0.5390625,0.6025390625,3.114503816793893,5.1603053435114505,-1.0229007633587786
1572895197095,-0.419921875,-0.52734375,0.5791015625,1.450381679389313,3.83206106870229,-2.366412213740458
1572895197095,-0.43798828125,-0.521484375,0.56201171875,3.114503816793893,9.068702290076336,5.038167938931298
1572895197095,-0.404296875,-0.52099609375,0.5732421875,-0.33587786259541985,1.4351145038167938,4.0458015267175576
1572895197096,-0.40380859375,-0.53369140625,0.5625,5.633587786259542,-2.7022900763358777,-1.9694656488549618
1572895197096,-0.4072265625,-0.56884765625,0.55810546875,-2.3053435114503817,4.931297709923665,-7.755725190839694
1572895197097,-0.4345703125,-0.5341796875,0.55712890625,-0.24427480916030533,-5.00763358778626,-3.4656488549618323
1572895197097,-0.40869140625,-0.56884765625,0.59521484375,-0.6106870229007634,0.3969465648854962,-5.786259541984733
1572895197098,-0.3994140625,-0.56689453125,0.556640625,5.358778625954199,-1.7404580152671756,1.0076335877862594
1572895197099,-0.39892578125,-0.56640625,0.59619140625,-0.42748091603053434,3.3282442748091605,-2.5801526717557253
1572895197100,-0.39453125,-0.52587890625,0.59814453125,0.8549618320610687,4.2748091603053435,0.1984732824427481
1572895197199,-0.39404296875,-0.51806640625,0.59375,-5.206106870229007,1.9389312977099236,2.122137404580153
1572895197199,-0.3916015625,-0.52587890625,0.59375,2.183206106870229,-0.732824427480916,-9.34351145038168
1572895197200,-0.4013671875,-0.564453125,0.6064453125,4.763358778625954,2.50381679389313,-3.1297709923664123
1572895197201,-0.39990234375,-0.56982421875,0.5537109375,-1.0687022900763359,3.068702290076336,-1.1603053435114503
1572895197201,-0.44091796875,-0.5576171875,0.5830078125,0.16793893129770993,1.2061068702290076,-0.12213740458015267
1572895197201,-0.3984375,-0.55859375,0.5673828125,4.396946564885496,3.5114503816793894,-1.0687022900763359
1572895197203,-0.37890625,-0.55078125,0.56103515625,0.3053435114503817,-2.351145038167939,-6.977099236641221
1572895197203,-0.44482421875,-0.49658203125,0.5986328125,3.1603053435114505,3.83206106870229,-2.8702290076335877
1572895197203,-0.43115234375,-0.5283203125,0.5986328125,2.183206106870229,-2.0916030534351147,1.3587786259541985
1572895197204,-0.40380859375,-0.52392578125,0.58837890625,3.3893129770992365,4.778625954198473,5.175572519083969
1572895197205,-0.3984375,-0.5166015625,0.57958984375,3.66412213740458,-1.0534351145038168,-7.511450381679389
1572895197305,-0.40283203125,-0.56494140625,0.55029296875,-0.7938931297709924,3.83206106870229,-0.9007633587786259
1572895197305,-0.3974609375,-0.53125,0.5537109375,5.236641221374046,-2.2290076335877864,-1.251908396946565
1572895197305,-0.44775390625,-0.5283203125,0.55908203125,0.7633587786259542,3.2061068702290076,1.8473282442748091
1572895197306,-0.439453125,-0.5205078125,0.60107421875,5.083969465648855,-5.847328244274809,-5.3893129770992365
1572895197306,-0.4306640625,-0.5244140625,0.59912109375,-1.5267175572519085,-4.213740458015267,-5.3893129770992365
1572895197307,-0.3974609375,-0.56396484375,0.60205078125,4.488549618320611,-1.7557251908396947,-8.213740458015268
1572895197307,-0.39892578125,-0.56396484375,0.5625,4.99236641221374,4.244274809160306,-3.3587786259541983
1572895197308,-0.421875,-0.5302734375,0.5595703125,2.4732824427480917,-1.3435114503816794,-1.3282442748091603
1572895197309,-0.39111328125,-0.56689453125,0.60205078125,-0.5190839694656488,1.5267175572519085,1.8473282442748091
1572895197310,-0.40234375,-0.52294921875,0.55322265625,5.633587786259542,-5.282442748091603,-3.099236641221374
1572895197409,-0.39501953125,-0.564453125,0.56005859375,2.564885496183206,-0.6259541984732825,0.2900763358778626
1572895197409,-0.396484375,-0.52880859375,0.55517578125,4.122137404580153,-2.1374045801526718,-1.8625954198473282
1572895197410,-0.408203125,-0.56689453125,0.5615234375,-0.24427480916030533,0.2595419847328244,8.50381679389313
1572895197410,-0.39599609375,-0.52978515625,0.599609375,4.442748091603053,-1.251908396946565,2.351145038167939
1572895197411,-0.39794921875,-0.52734375,0.59228515625,2.6564885496183206,-4.213740458015267,0.061068702290076333
1572895197411,-0.4013671875,-0.52587890625,0.59765625,-0.6106870229007634,-1.251908396946565,-5.343511450381679
1572895197412,-0.4072265625,-0.51611328125,0.5986328125,-0.7938931297709924,-1.3740458015267176,-4.9465648854961835
1572895197413,-0.408203125,-0.5205078125,0.55126953125,-2.3969465648854964,-3.5419847328244276,-6.824427480916031
1572895197413,-0.43798828125,-0.54345703125,0.59619140625,1.1755725190839694,-1.618320610687023,-4.809160305343512
1572895197414,-0.40673828125,-0.52392578125,0.576171875,5.358778625954199,-4.961832061068702,-6.183206106870229
1572895197514,-0.39990234375,-0.529296875,0.56884765625,-0.8854961832061069,1.099236641221374,-9.526717557251908
1572895197515,-0.39453125,-0.5244140625,0.5703125,5.541984732824427,0.366412213740458,-3.5419847328244276
1572895197515,-0.421875,-0.52197265625,0.58251953125,-0.33587786259541985,-4.625954198473282,-5.847328244274809
1572895197519,-0.3994140625,-0.53125,0.56201171875,3.480916030534351,-1.618320610687023,-5.847328244274809
1572895197519,-0.43701171875,-0.56787109375,0.56103515625,-1.8473282442748091,3.1297709923664123,-10.320610687022901
1572895197520,-0.40283203125,-0.56494140625,0.55126953125,4.1679389312977095,-1.297709923664122,-5.1603053435114505
1572895197520,-0.404296875,-0.56591796875,0.55029296875,5.816793893129771,-1.4351145038167938,-0.5801526717557252
1572895197520,-0.4140625,-0.51904296875,0.6005859375,0.6717557251908397,-3.8625954198473282,-4.564885496183206
1572895197520,-0.40478515625,-0.5302734375,0.5517578125,1.5114503816793894,0.366412213740458,-1.9236641221374047
1572895197521,-0.39794921875,-0.525390625,0.55712890625,2.931297709923664,5.251908396946565,-5.786259541984733
1572895197521,-0.39453125,-0.53271484375,0.5693359375,-0.24427480916030533,4.900763358778626,5.236641221374046
1572895197619,-0.3994140625,-0.52099609375,0.5859375,-1.1603053435114503,-2.50381679389313,-1.8778625954198473
1572895197620,-0.41552734375,-0.52490234375,0.59521484375,-0.7022900763358778,0.8396946564885496,-4.412213740458015
1572895197621,-0.40234375,-0.5244140625,0.59814453125,2.564885496183206,0.366412213740458,-7.7251908396946565
1572895197621,-0.39794921875,-0.53125,0.55712890625,-0.24427480916030533,0.9618320610687023,-8.442748091603054
1572895197621,-0.40478515625,-0.52197265625,0.59521484375,3.236641221374046,5.847328244274809,-0.21374045801526717
1572895197624,-0.4462890625,-0.529296875,0.5478515625,-0.15267175572519084,-0.3053435114503817,-4.244274809160306
1572895197625,-0.4404296875,-0.56298828125,0.5625,0.2595419847328244,0.6412213740458015,-3.984732824427481
1572895197625,-0.4423828125,-0.5703125,0.57666015625,0.7633587786259542,-0.8702290076335878,1.816793893129771
1572895197625,-0.4423828125,-0.53271484375,0.5771484375,-0.7022900763358778,2.2442748091603053,-0.9007633587786259
1572895197625,-0.4033203125,-0.56689453125,0.5537109375,3.114503816793893,-2.183206106870229,-3.404580152671756
1572895197725,-0.40478515625,-0.56982421875,0.5517578125,0.9923664122137404,-0.8702290076335878,4.625954198473282
1572895197725,-0.4443359375,-0.53125,0.57763671875,2.7938931297709924,-4.931297709923665,-1.297709923664122
1572895197726,-0.400390625,-0.5302734375,0.56103515625,-0.6564885496183206,-1.8473282442748091,-4.748091603053435
1572895197726,-0.39404296875,-0.5205078125,0.607421875,2.4732824427480917,1.9083969465648856,1.7251908396946565
1572895197726,-0.404296875,-0.51953125,0.5986328125,3.984732824427481,-2.885496183206107,-0.9618320610687023
1572895197727,-0.3955078125,-0.52294921875,0.5947265625,1.1450381679389312,-1.7557251908396947,-1.0229007633587786
1572895197728,-0.3955078125,-0.525390625,0.60009765625,-0.6106870229007634,3.9236641221374047,3.7251908396946565
1572895197729,-0.39990234375,-0.525390625,0.59912109375,1.7251908396946565,-2.4122137404580153,2.7938931297709924
1572895197729,-0.39990234375,-0.52734375,0.59130859375,2.0916030534351147,-3.450381679389313,-0.183206106870229
1572895197730,-0.4013671875,-0.5302734375,0.55078125,3.572519083969466,2.2290076335877864,1.0687022900763359
1572895197830,-0.408203125,-0.56640625,0.560546875,2.7938931297709924,0.8854961832061069,-0.7022900763358778
1572895197830,-0.4033203125,-0.55615234375,0.5546875,-1.251908396946565,-5.099236641221374,-0.9312977099236641
1572895197831,-0.404296875,-0.52197265625,0.58740234375,4.122137404580153,-7.4961832061068705,-9.648854961832061
1572895197831,-0.4072265625,-0.5283203125,0.55322265625,-1.5267175572519085,-3.6793893129770994,-1.5572519083969465
1572895197831,-0.40087890625,-0.5224609375,0.54833984375,-1.3435114503816794,-2.50381679389313,-3.3587786259541983
1572895197832,-0.40478515625,-0.52587890625,0.59521484375,-1.9389312977099236,-3.2977099236641223,4.290076335877862
1572895197833,-0.3916015625,-0.529296875,0.5634765625,3.3893129770992365,0.366412213740458,5.129770992366412
1572895197833,-0.3994140625,-0.5673828125,0.56103515625,4.213740458015267,-1.1145038167938932,-1.8778625954198473
1572895197834,-0.39599609375,-0.5302734375,0.56201171875,-0.8854961832061069,-3.5419847328244276,-4.854961832061068
1572895197834,-0.40087890625,-0.5341796875,0.564453125,3.572519083969466,-4.625954198473282,-1.6488549618320612
1572895197835,-0.39404296875,-0.56787109375,0.55419921875,4.122137404580153,5.0534351145038165,-1.4045801526717556
1572895197934,-0.4052734375,-0.5625,0.5615234375,8.396946564885496,6.641221374045801,-1.251908396946565

1572895197935,-0.4033203125,-0.55908203125,0.59521484375,-0.061068702290076333,5.633587786259542,1.5114503816793894
1572895197935,-0.4052734375,-0.54638671875,0.55224609375,-0.6106870229007634,0.8396946564885496,-5.206106870229007
1572895197936,-0.4072265625,-0.564453125,0.55859375,1.1450381679389312,6.641221374045801,2.030534351145038
1572895197936,-0.39599609375,-0.52197265625,0.603515625,0.48854961832061067,5.343511450381679,-0.5343511450381679
1572895197937,-0.40380859375,-0.5234375,0.568359375,2.381679389312977,-0.07633587786259542,-3.0839694656488548
1572895197938,-0.400390625,-0.5205078125,0.607421875,0.07633587786259542,0.16793893129770993,-4.870229007633588
1572895197938,-0.4208984375,-0.5234375,0.5947265625,1.450381679389313,-6.549618320610687,-1.6793893129770991
1572895197939,-0.39990234375,-0.517578125,0.59814453125,0.48854961832061067,0.21374045801526717,0.5954198473282443
1572895197939,-0.40380859375,-0.5244140625,0.595703125,0.5801526717557252,1.0534351145038168,-3.2213740458015265
1572895198043,-0.43603515625,-0.52490234375,0.56201171875,-0.6106870229007634,-1.0534351145038168,2.045801526717557
1572895198043,-0.39208984375,-0.56494140625,0.548828125,0.3053435114503817,0.3053435114503817,2.16793893129771
1572895198043,-0.40576171875,-0.56494140625,0.5576171875,-0.33587786259541985,-0.48854961832061067,-4.809160305343512
1572895198043,-0.40576171875,-0.57177734375,0.55029296875,3.984732824427481,0.2595419847328244,-4.396946564885496
1572895198043,-0.40380859375,-0.57080078125,0.56201171875,0.030534351145038167,-2.6412213740458017,0.13740458015267176
1572895198044,-0.44287109375,-0.56640625,0.556640625,-1.7251908396946565,-5.404580152671755,0.6870229007633588
1572895198044,-0.400390625,-0.5576171875,0.54931640625,2.2900763358778624,-1.251908396946565,-5.435114503816794
1572895198044,-0.400390625,-0.52978515625,0.59814453125,-1.2061068702290076,-2.4427480916030535,-0.16793893129770993
1572895198044,-0.41943359375,-0.5263671875,0.55419921875,2.564885496183206,3.9236641221374047,-0.9312977099236641
1572895198045,-0.39453125,-0.54345703125,0.6044921875,-1.0687022900763359,4.687022900763359,-1.1450381679389312
1572895198145,-0.41845703125,-0.53125,0.60791015625,-5.435114503816794,-0.8702290076335878,-0.8396946564885496
1572895198145,-0.3935546875,-0.52734375,0.591796875,4.534351145038168,-7.648854961832061,-5.3893129770992365
1572895198146,-0.4208984375,-0.53662109375,0.59814453125,-1.4351145038167938,1.5267175572519085,1.9389312977099236
1572895198146,-0.39453125,-0.5244140625,0.5947265625,-1.5725190839694656,4.961832061068702,-9.022900763358779
1572895198146,-0.40087890625,-0.5263671875,0.59619140625,5.450381679389313,5.755725190839694,-0.7175572519083969
1572895198147,-0.40576171875,-0.52783203125,0.58642578125,0.3969465648854962,-4.687022900763359,4.015267175572519
1572895198148,-0.40478515625,-0.529296875,0.552734375,3.2977099236641223,5.206106870229007,0.061068702290076333
1572895198148,-0.4462890625,-0.53369140625,0.59814453125,4.580152671755725,-1.4351145038167938,2.2595419847328246
1572895198149,-0.40966796875,-0.5322265625,0.5546875,5.541984732824427,-4.213740458015267,-5.1603053435114505
1572895198150,-0.40478515625,-0.51953125,0.5849609375,-0.9770992366412213,0.9618320610687023,-0.6564885496183206
1572895198250,-0.39990234375,-0.5361328125,0.59375,-9.526717557251908,-1.4961832061068703,0.9923664122137404
1572895198250,-0.43408203125,-0.53076171875,0.560546875,1.5114503816793894,5.374045801526718,-3.404580152671756
1572895198250,-0.39599609375,-0.53515625,0.56005859375,4.67175572519084,4.748091603053435,-5.068702290076335
1572895198251,-0.4208984375,-0.53369140625,0.595703125,3.66412213740458,-1.816793893129771,-4.931297709923665
1572895198251,-0.3994140625,-0.56689453125,0.59912109375,0.5801526717557252,-7.404580152671755,-1.0687022900763359
1572895198252,-0.39306640625,-0.5302734375,0.5615234375,-1.297709923664122,-1.099236641221374,-4.488549618320611
1572895198253,-0.39111328125,-0.53076171875,0.5595703125,4.580152671755725,2.50381679389313,-8.305343511450381
1572895198253,-0.39208984375,-0.5654296875,0.546875,3.0229007633587788,-0.015267175572519083,-3.6793893129770994
1572895198254,-0.40283203125,-0.56005859375,0.583984375,1.6030534351145038,-0.10687022900763359,-0.6106870229007634
1572895198255,-0.40283203125,-0.5537109375,0.59423828125,4.305343511450381,-1.8473282442748091,3.099236641221374
1572895198255,-0.40380859375,-0.521484375,0.6015625,3.8473282442748094,1.2061068702290076,-0.8396946564885496
1572895198355,-0.44287109375,-0.517578125,0.59423828125,1.3740458015267176,-1.7251908396946565,-4.305343511450381
1572895198355,-0.43798828125,-0.51806640625,0.60107421875,-1.7251908396946565,1.618320610687023,-5.66412213740458
1572895198355,-0.40673828125,-0.53662109375,0.599609375,-1.4351145038167938,-0.9618320610687023,-1.251908396946565
1572895198356,-0.4052734375,-0.52197265625,0.60009765625,2.6564885496183206,4.015267175572519,-4.305343511450381
1572895198356,-0.4091796875,-0.5302734375,0.60107421875,2.6564885496183206,-2.854961832061069,-11.755725190839694
1572895198357,-0.423828125,-0.5283203125,0.529296875,4.259541984732825,-5.190839694656488,-0.33587786259541985
1572895198358,-0.43310546875,-0.57568359375,0.5224609375,2.0610687022900764,-0.48854961832061067,0.2900763358778626
1572895198358,-0.39111328125,-0.5966796875,0.5517578125,5.541984732824427,-1.5267175572519085,3.4198473282442747
1572895198360,-0.412109375,-0.498046875,0.6337890625,5.0534351145038165,-4.137404580152672,0.9465648854961832
1572895198360,-0.40576171875,-0.576171875,0.580078125,-4.244274809160306,-2.3206106870229006,-8.854961832061068
1572895198459,-0.4091796875,-0.505859375,0.59375,4.0,5.251908396946565,-5.648854961832061
1572895198459,-0.419921875,-0.57080078125,0.556640625,3.572519083969466,-1.618320610687023,-0.6106870229007634
1572895198460,-0.41748046875,-0.544921875,0.60009765625,-0.061068702290076333,2.4122137404580153,0.22900763358778625
1572895198460,-0.4169921875,-0.53125,0.59912109375,-1.2061068702290076,-3.648854961832061,1.0534351145038168
1572895198461,-0.4404296875,-0.56298828125,0.55419921875,-2.9160305343511452,-1.4961832061068703,0.3816793893129771
1572895198462,-0.4482421875,-0.56005859375,0.5849609375,2.9770992366412212,-5.190839694656488,1.4351145038167938
1572895198462,-0.43994140625,-0.57568359375,0.56982421875,-0.9770992366412213,2.7022900763358777,-5.557251908396947
1572895198463,-0.443359375,-0.521484375,0.55615234375,1.786259541984733,-0.6717557251908397,-4.488549618320611
1572895198464,-0.44287109375,-0.56787109375,0.55517578125,4.351145038167939,3.7404580152671754,-0.6259541984732825
1572895198464,-0.443359375,-0.52294921875,0.5478515625,0.3969465648854962,-0.6717557251908397,3.114503816793893
1572895198465,-0.408203125,-0.53125,0.56591796875,0.6717557251908397,-5.251908396946565,1.9389312977099236
1572895198565,-0.40234375,-0.5234375,0.56005859375,7.297709923664122,-2.030534351145038,-3.7251908396946565
1572895198565,-0.39892578125,-0.5234375,0.5791015625,-1.5267175572519085,-1.816793893129771,3.7251908396946565
1572895198565,-0.392578125,-0.529296875,0.56298828125,-0.24427480916030533,-2.2290076335877864,0.07633587786259542
1572895198565,-0.3935546875,-0.52490234375,0.599609375,5.786259541984733,-1.251908396946565,2.9160305343511452
1572895198567,-0.396484375,-0.5244140625,0.60107421875,0.7633587786259542,-1.2671755725190839,5.32824427480916
1572895198567,-0.42041015625,-0.53076171875,0.60546875,4.67175572519084,-1.9083969465648856,3.5114503816793894
1572895198568,-0.41357421875,-0.53076171875,0.607421875,2.2900763358778624,-7.801526717557252,0.6870229007633588
1572895198569,-0.39306640625,-0.55126953125,0.580078125,1.2366412213740459,-0.7786259541984732,-6.793893129770993
1572895198569,-0.41650390625,-0.5302734375,0.60546875,3.8473282442748094,-4.870229007633588,1.5725190839694656
1572895198570,-0.4189453125,-0.52880859375,0.6005859375,3.9389312977099236,1.0534351145038168,-2.717557251908397
1572895198670,-0.3974609375,-0.5302734375,0.6015625,-0.5190839694656488,-1.7557251908396947,-1.4351145038167938
1572895198670,-0.3984375,-0.56396484375,0.56005859375,-0.42748091603053434,-2.030534351145038,1.099236641221374
1572895198670,-0.4384765625,-0.5654296875,0.556640625,0.21374045801526717,4.8396946564885495,-0.44274809160305345
1572895198671,-0.4052734375,-0.52880859375,0.55224609375,3.572519083969466,0.9923664122137404,1.4045801526717556
1572895198672,-0.45068359375,-0.564453125,0.58837890625,-1.5267175572519085,-5.572519083969466,-0.3969465648854962
1572895198672,-0.4423828125,-0.533203125,0.54736328125,5.32824427480916,3.4198473282442747,-1.0687022900763359
1572895198673,-0.43603515625,-0.5322265625,0.56884765625,-1.6641221374045803,2.6564885496183206,0.6870229007633588
1572895198673,-0.3974609375,-0.52734375,0.55712890625,-0.8396946564885496,-1.7251908396946565,-4.0
1572895198674,-0.40576171875,-0.5654296875,0.57763671875,-1.9389312977099236,-3.2061068702290076,-3.404580152671756
1572895198674,-0.39599609375,-0.52001953125,0.59814453125,1.4198473282442747,1.2061068702290076,-0.9312977099236641
1572895198774,-0.41650390625,-0.52001953125,0.59228515625,4.183206106870229,-1.9083969465648856,-5.8320610687022905
1572895198775,-0.400390625,-0.52490234375,0.5966796875,4.763358778625954,-1.1908396946564885,-1.1603053435114503
1572895198775,-0.40185546875,-0.52783203125,0.60009765625,2.4732824427480917,-1.7251908396946565,0.549618320610687
1572895198775,-0.3916015625,-0.51806640625,0.57470703125,1.0534351145038168,5.755725190839694,3.7099236641221376
1572895198776,-0.40576171875,-0.5283203125,0.59912109375,4.305343511450381,0.3969465648854962,2.2595419847328246
1572895198777,-0.404296875,-0.5595703125,0.5751953125,-0.061068702290076333,-4.580152671755725,-3.1297709923664123
1572895198778,-0.40185546875,-0.52392578125,0.603515625,-0.7022900763358778,5.7251908396946565,-5.251908396946565
1572895198778,-0.4052734375,-0.52392578125,0.5517578125,-1.1145038167938932,-4.870229007633588,-2.366412213740458
1572895198779,-0.43798828125,-0.56884765625,0.60595703125,0.12213740458015267,-1.4961832061068703,-4.625954198473282
1572895198780,-0.4365234375,-0.5625,0.56640625,1.1450381679389312,1.9083969465648856,-1.0381679389312977
1572895198879,-0.40185546875,-0.5283203125,0.5986328125,4.030534351145038,-0.48854961832061067,1.6641221374045803
1572895198879,-0.39892578125,-0.521484375,0.59619140625,-1.9389312977099236,-2.7938931297709924,-0.07633587786259542
1572895198880,-0.39453125,-0.53076171875,0.564453125,-0.061068702290076333,2.6106870229007635,2.198473282442748
1572895198880,-0.3974609375,-0.52294921875,0.59765625,3.480916030534351,1.5572519083969465,1.2213740458015268
1572895198881,-0.41943359375,-0.5205078125,0.59375,0.030534351145038167,4.305343511450381,0.5038167938931297
1572895198882,-0.3984375,-0.5224609375,0.55908203125,-1.1603053435114503,-3.7709923664122136,-2.381679389312977
1572895198882,-0.41943359375,-0.5634765625,0.60791015625,-0.7022900763358778,5.847328244274809,-7.129770992366412
1572895198883,-0.400390625,-0.5263671875,0.587890625,1.3587786259541985,-5.679389312977099,-4.091603053435114
1572895198884,-0.40234375,-0.52392578125,0.572265625,0.48854961832061067,1.816793893129771,-6.198473282442748
1572895198885,-0.435546875,-0.52734375,0.5947265625,3.7557251908396947,0.3969465648854962,-6.366412213740458
1572895198984,-0.40234375,-0.5234375,0.56689453125,1.0534351145038168,2.6564885496183206,-2.1526717557251906

1572895198985,-0.4404296875,-0.5283203125,0.59130859375,-1.2061068702290076,7.648854961832061,-6.595419847328245
1572895198985,-0.3994140625,-0.55712890625,0.556640625,-1.618320610687023,-8.717557251908397,-3.1908396946564888
1572895198985,-0.40185546875,-0.5615234375,0.60302734375,4.305343511450381,-1.1755725190839694,0.5954198473282443
1572895198986,-0.39306640625,-0.52734375,0.6005859375,-1.816793893129771,-2.1374045801526718,-2.7938931297709924
1572895198987,-0.404296875,-0.56396484375,0.548828125,4.213740458015267,0.3969465648854962,-9.648854961832061
1572895198987,-0.3974609375,-0.52880859375,0.55908203125,5.633587786259542,0.366412213740458,-0.5190839694656488
1572895198988,-0.39501953125,-0.5283203125,0.58837890625,-0.24427480916030533,4.122137404580153,5.312977099236641
1572895198989,-0.39794921875,-0.56201171875,0.59716796875,-0.33587786259541985,-2.50381679389313,-1.7404580152671756
1572895198989,-0.42138671875,-0.52783203125,0.6044921875,-1.816793893129771,0.8702290076335878,-3.5419847328244276
1572895198990,-0.39453125,-0.5244140625,0.56494140625,-0.15267175572519084,-3.7709923664122136,-0.48854961832061067
1572895199090,-0.39453125,-0.52978515625,0.60400390625,-1.9083969465648856,0.9312977099236641,-0.12213740458015267
1572895199090,-0.39501953125,-0.52294921875,0.5986328125,-0.24427480916030533,1.3435114503816794,-1.6793893129770991
1572895199091,-0.40234375,-0.52490234375,0.59130859375,0.3053435114503817,0.2595419847328244,0.5038167938931297
1572895199091,-0.39794921875,-0.56103515625,0.56103515625,0.21374045801526717,-0.6717557251908397,-4.717557251908397
1572895199091,-0.3916015625,-0.53466796875,0.58447265625,-1.6641221374045803,0.549618320610687,0.6412213740458015
1572895199092,-0.40673828125,-0.544921875,0.55419921875,0.030534351145038167,1.8473282442748091,-2.33587786259542
1572895199093,-0.400390625,-0.53076171875,0.6005859375,-0.15267175572519084,0.9618320610687023,-4.33587786259542
1572895199093,-0.39794921875,-0.5302734375,0.59814453125,-1.4809160305343512,-0.3053435114503817,2.16793893129771
1572895199094,-0.39892578125,-0.52099609375,0.55712890625,0.3969465648854962,-3.1755725190839694,-4.442748091603053
1572895199095,-0.396484375,-0.52587890625,0.58935546875,0.9618320610687023,-3.648854961832061,-3.0076335877862594
1572895199194,-0.3994140625,-0.5341796875,0.59765625,2.4732824427480917,5.755725190839694,1.4809160305343512
1572895199194,-0.40478515625,-0.5224609375,0.58984375,-5.480916030534351,-0.8091603053435115,-0.21374045801526717
1572895199300,-0.39599609375,-0.525390625,0.55615234375,3.2061068702290076,5.572519083969466,1.1297709923664123
1572895199300,-0.400390625,-0.525390625,0.59521484375,2.8396946564885495,0.5801526717557252,-5.022900763358779
1572895199300,-0.39306640625,-0.5283203125,0.5673828125,1.083969465648855,-5.083969465648855,-2.7786259541984735
1572895199301,-0.3984375,-0.52099609375,0.57080078125,-0.6106870229007634,1.1450381679389312,-2.2442748091603053
1572895199302,-0.4072265625,-0.56689453125,0.60498046875,-1.9083969465648856,-1.7251908396946565,-1.8778625954198473
1572895199302,-0.392578125,-0.52197265625,0.58935546875,0.5801526717557252,-0.10687022900763359,0.5954198473282443
1572895199303,-0.3955078125,-0.5224609375,0.6015625,1.3587786259541985,-2.2290076335877864,-2.0
1572895199303,-0.404296875,-0.529296875,0.56005859375,5.083969465648855,-4.931297709923665,1.2671755725190839
1572895199304,-0.3994140625,-0.572265625,0.56005859375,2.183206106870229,4.687022900763359,-1.8473282442748091
1572895199305,-0.40185546875,-0.56689453125,0.55029296875,-0.15267175572519084,-0.16793893129770993,1.4045801526717556
1572895199305,-0.43701171875,-0.56494140625,0.548828125,-0.33587786259541985,8.778625954198473,0.5954198473282443
1572895199306,-0.3974609375,-0.5263671875,0.55908203125,1.4198473282442747,5.7251908396946565,-4.519083969465649
1572895199404,-0.392578125,-0.53173828125,0.55419921875,-1.5267175572519085,1.3435114503816794,-0.16793893129770993
1572895199404,-0.40380859375,-0.5634765625,0.556640625,-1.7251908396946565,-0.6717557251908397,-0.5190839694656488
1572895199405,-0.39453125,-0.52734375,0.5869140625,2.2900763358778624,-0.3053435114503817,3.3282442748091605
1572895199406,-0.404296875,-0.52294921875,0.60009765625,-1.7251908396946565,3.3282442748091605,-2.4580152671755724
1572895199406,-0.39794921875,-0.52734375,0.59326171875,0.5343511450381679,0.9312977099236641,-2.198473282442748
1572895199407,-0.3984375,-0.5263671875,0.59814453125,-0.6106870229007634,4.458015267175573,-3.5267175572519083
1572895199407,-0.3994140625,-0.53955078125,0.591796875,-0.6106870229007634,4.305343511450381,-7.908396946564886
1572895199408,-0.408203125,-0.53173828125,0.6015625,0.6259541984732825,-2.183206106870229,0.10687022900763359
1572895199409,-0.4443359375,-0.52490234375,0.546875,3.7557251908396947,1.1755725190839694,-0.5801526717557252
1572895199409,-0.400390625,-0.525390625,0.59375,-0.42748091603053434,3.7404580152671754,-0.5343511450381679
1572895199510,-0.396484375,-0.529296875,0.55615234375,4.534351145038168,-3.4198473282442747,0.22900763358778625
1572895199510,-0.3955078125,-0.5634765625,0.59619140625,-2.122137404580153,7.358778625954199,-9.19083969465649
1572895199511,-0.39892578125,-0.53125,0.591796875,0.21374045801526717,0.7786259541984732,-0.030534351145038167
1572895199511,-0.39990234375,-0.53125,0.5673828125,-0.4732824427480916,-0.33587786259541985,5.145038167938932
1572895199511,-0.40087890625,-0.53271484375,0.59716796875,5.358778625954199,-2.351145038167939,-5.435114503816794
1572895199518,-0.4033203125,-0.5283203125,0.599609375,2.931297709923664,-6.67175572519084,-4.091603053435114
1572895199519,-0.40087890625,-0.52099609375,0.6015625,-1.1145038167938932,-4.488549618320611,0.44274809160305345
1572895199519,-0.40283203125,-0.52099609375,0.55419921875,-0.6106870229007634,2.9770992366412212,-3.0839694656488548
1572895199519,-0.39892578125,-0.51904296875,0.56689453125,2.1526717557251906,3.1908396946564888,-0.16793893129770993
1572895199519,-0.4189453125,-0.5224609375,0.56396484375,-0.061068702290076333,4.778625954198473,5.816793893129771
1572895199519,-0.40478515625,-0.552734375,0.552734375,4.961832061068702,-1.4351145038167938,-3.49618320610687
1572895199614,-0.3994140625,-0.5263671875,0.55322265625,4.961832061068702,-1.8778625954198473,4.854961832061068
1572895199614,-0.39990234375,-0.52734375,0.5927734375,-1.0687022900763359,1.0229007633587786,-5.435114503816794
1572895199615,-0.40478515625,-0.56298828125,0.55224609375,0.48854961832061067,1.4351145038167938,-3.3740458015267176
1572895199615,-0.4013671875,-0.52978515625,0.55859375,1.7251908396946565,-1.8778625954198473,-0.7480916030534351
1572895199616,-0.44580078125,-0.537109375,0.60205078125,5.083969465648855,2.1374045801526718,1.9389312977099236
1572895199617,-0.40185546875,-0.56591796875,0.59423828125,2.2900763358778624,0.9312977099236641,0.6870229007633588
1572895199617,-0.41943359375,-0.5283203125,0.60595703125,1.6030534351145038,-0.10687022900763359,4.320610687022901
1572895199618,-0.39892578125,-0.56396484375,0.55810546875,-0.15267175572519084,-1.5267175572519085,-2.6564885496183206
1572895199619,-0.40087890625,-0.529296875,0.60009765625,-0.24427480916030533,-3.648854961832061,-4.900763358778626
1572895199619,-0.40234375,-0.5263671875,0.580078125,4.488549618320611,1.1908396946564885,-2.0610687022900764
1572895199720,-0.39599609375,-0.52294921875,0.59375,1.083969465648855,0.9923664122137404,1.1297709923664123
1572895199721,-0.39111328125,-0.52001953125,0.6044921875,4.305343511450381,-3.801526717557252,-2.183206106870229
1572895199721,-0.39208984375,-0.5263671875,0.59619140625,5.541984732824427,3.8625954198473282,-2.2442748091603053
1572895199721,-0.39404296875,-0.52099609375,0.60791015625,4.259541984732825,-0.42748091603053434,1.2213740458015268
1572895199721,-0.3935546875,-0.52001953125,0.60791015625,1.3587786259541985,8.488549618320612,-2.8702290076335877
1572895199722,-0.39453125,-0.525390625,0.552734375,1.3587786259541985,-0.732824427480916,3.969465648854962
1572895199722,-0.39501953125,-0.52197265625,0.603515625,3.66412213740458,0.6106870229007634,-0.0916030534351145
1572895199723,-0.4013671875,-0.51953125,0.60400390625,-1.7251908396946565,1.7251908396946565,-1.7709923664122138
1572895199724,-0.4033203125,-0.52490234375,0.5498046875,-0.7022900763358778,7.022900763358779,-3.053435114503817
1572895199724,-0.3994140625,-0.53076171875,0.603515625,4.870229007633588,4.809160305343512,-2.8702290076335877
1572895199824,-0.4384765625,-0.529296875,0.5576171875,1.2366412213740459,4.213740458015267,5.129770992366412
1572895199824,-0.4384765625,-0.55859375,0.5908203125,4.305343511450381,2.6106870229007635,4.687022900763359
1572895199825,-0.4404296875,-0.53125,0.564453125,-0.7022900763358778,-0.21374045801526717,0.3816793893129771
1572895199826,-0.39794921875,-0.53369140625,0.6025390625,4.351145038167939,3.3587786259541983,-3.404580152671756
1572895199826,-0.39404296875,-0.53466796875,0.60009765625,1.1450381679389312,-1.0534351145038168,0.7786259541984732
1572895199827,-0.39599609375,-0.52978515625,0.59912109375,0.3053435114503817,-5.343511450381679,0.9923664122137404
1572895199827,-0.40283203125,-0.564453125,0.5595703125,1.8778625954198473,3.954198473282443,4.687022900763359
1572895199828,-0.39599609375,-0.5283203125,0.55224609375,1.1450381679389312,4.305343511450381,-1.618320610687023
1572895199829,-0.3955078125,-0.521484375,0.60302734375,2.183206106870229,1.5877862595419847,-0.33587786259541985
1572895199929,-0.4208984375,-0.52099609375,0.56982421875,5.816793893129771,5.022900763358779,-2.427480916030534
1572895199929,-0.3984375,-0.56494140625,0.6044921875,-1.7251908396946565,-5.66412213740458,1.5725190839694656
1572895199930,-0.39892578125,-0.5263671875,0.5576171875,-1.8473282442748091,-0.015267175572519083,0.5954198473282443
1572895199930,-0.3974609375,-0.52294921875,0.55712890625,-0.8854961832061069,1.3435114503816794,-9.694656488549619
1572895199931,-0.39892578125,-0.529296875,0.60107421875,3.9389312977099236,-1.0534351145038168,-0.8396946564885496
1572895199932,-0.400390625,-0.5244140625,0.599609375,3.3282442748091605,4.687022900763359,1.1450381679389312
1572895199932,-0.43798828125,-0.5634765625,0.56298828125,2.8396946564885495,2.7938931297709924,4.106870229007634
1572895199933,-0.40380859375,-0.52587890625,0.564453125,5.694656488549619,6.702290076335878,-0.9007633587786259
1572895199933,-0.400390625,-0.52392578125,0.59912109375,1.450381679389313,2.2900763358778624,-0.3511450381679389
1572895199934,-0.4033203125,-0.55908203125,0.548828125,0.5801526717557252,-1.0534351145038168,-9.34351145038168
1572895199935,-0.404296875,-0.52392578125,0.59814453125,0.21374045801526717,2.1374045801526718,-2.5343511450381677
1572895200034,-0.40673828125,-0.52099609375,0.56396484375,9.236641221374045,-5.7251908396946565,1.2213740458015268

1572895200034,-0.40185546875,-0.529296875,0.60693359375,5.32824427480916,-1.4351145038167938,-1.7557251908396947
1572895200035,-0.39990234375,-0.52392578125,0.56103515625,-1.9389312977099236,-1.099236641221374,-3.282442748091603
1572895200035,-0.42041015625,-0.52490234375,0.5966796875,1.9083969465648856,-1.9083969465648856,-5.6183206106870225
1572895200036,-0.39501953125,-0.52978515625,0.6025390625,-1.251908396946565,-2.9160305343511452,-1.7709923664122138
1572895200037,-0.3916015625,-0.51953125,0.59375,3.8473282442748094,-2.030534351145038,3.068702290076336
1572895200037,-0.4208984375,-0.5205078125,0.58935546875,1.9083969465648856,3.9236641221374047,-0.21374045801526717
1572895200038,-0.4033203125,-0.5224609375,0.591796875,1.1755725190839694,-6.564885496183206,-1.8473282442748091
1572895200039,-0.39111328125,-0.52001953125,0.56103515625,-1.4351145038167938,4.687022900763359,-1.4351145038167938
1572895200039,-0.404296875,-0.56396484375,0.56005859375,-5.206106870229007,0.13740458015267176,-3.7709923664122136
1572895200139,-0.43603515625,-0.56103515625,0.591796875,-1.5267175572519085,5.465648854961832,0.5954198473282443
1572895200139,-0.4013671875,-0.5263671875,0.59814453125,2.564885496183206,-3.267175572519084,-3.1755725190839694
1572895200140,-0.40478515625,-0.52880859375,0.5595703125,0.3969465648854962,3.1755725190839694,4.320610687022901
1572895200141,-0.39990234375,-0.525390625,0.55810546875,2.6564885496183206,-0.4580152671755725,1.5725190839694656
1572895200141,-0.4013671875,-0.5244140625,0.6064453125,-0.15267175572519084,-3.2977099236641223,-3.877862595419847
1572895200142,-0.3984375,-0.56494140625,0.56201171875,4.580152671755725,3.267175572519084,-3.7099236641221376
1572895200142,-0.3935546875,-0.529296875,0.56103515625,4.442748091603053,-3.648854961832061,-4.778625954198473
1572895200143,-0.42138671875,-0.564453125,0.5771484375,-0.24427480916030533,-3.114503816793893,0.8549618320610687
1572895200144,-0.39892578125,-0.5234375,0.56103515625,2.50381679389313,-3.7404580152671754,-4.183206106870229
1572895200144,-0.400390625,-0.5263671875,0.59423828125,-1.251908396946565,-4.961832061068702,-2.1526717557251906
1572895200145,-0.40283203125,-0.525390625,0.55712890625,1.6030534351145038,5.099236641221374,-1.7404580152671756
1572895200244,-0.39404296875,-0.5283203125,0.5654296875,1.1450381679389312,-0.015267175572519083,-0.48854961832061067
1572895200244,-0.39794921875,-0.525390625,0.59375,0.030534351145038167,4.015267175572519,3.969465648854962
1572895200245,-0.39599609375,-0.525390625,0.57080078125,1.450381679389313,5.099236641221374,-3.801526717557252
1572895200246,-0.4033203125,-0.52978515625,0.55859375,-1.5725190839694656,-0.9007633587786259,-3.312977099236641
1572895200246,-0.40673828125,-0.5244140625,0.55859375,0.9923664122137404,-1.8778625954198473,-5.694656488549619
1572895200247,-0.39794921875,-0.525390625,0.560546875,-1.9389312977099236,-3.2061068702290076,5.419847328244275
1572895200247,-0.3974609375,-0.5263671875,0.560546875,-0.061068702290076333,4.213740458015267,1.4045801526717556
1572895200248,-0.40283203125,-0.52587890625,0.58740234375,3.0229007633587788,-0.9618320610687023,-1.1297709923664123
1572895200249,-0.3984375,-0.5283203125,0.56982421875,1.083969465648855,-0.5801526717557252,-5.221374045801527
1572895200250,-0.3955078125,-0.529296875,0.5634765625,-0.7938931297709924,2.564885496183206,-6.5038167938931295
1572895200349,-0.3955078125,-0.53369140625,0.5947265625,1.1450381679389312,1.5267175572519085,0.33587786259541985
1572895200349,-0.39892578125,-0.53076171875,0.6064453125,0.12213740458015267,-0.07633587786259542,1.9083969465648856
1572895200350,-0.396484375,-0.5322265625,0.5966796875,-0.24427480916030533,-2.2900763358778624,0.7786259541984732
1572895200454,-0.39306640625,-0.52490234375,0.55859375,1.083969465648855,-4.122137404580153,1.0687022900763359
1572895200454,-0.39794921875,-0.564453125,0.56005859375,1.9694656488549618,4.488549618320611,-9.022900763358779
1572895200559,-0.40234375,-0.52783203125,0.60302734375,-1.4351145038167938,3.068702290076336,-8.748091603053435
1572895200560,-0.4384765625,-0.52197265625,0.56201171875,4.717557251908397,1.099236641221374,-2.0610687022900764
1572895200560,-0.40673828125,-0.55615234375,0.603515625,3.9389312977099236,-4.809160305343512,2.3206106870229006
1572895200560,-0.4013671875,-0.5302734375,0.5712890625,2.8396946564885495,2.7938931297709924,-1.9694656488549618
1572895200561,-0.408203125,-0.52734375,0.5546875,-1.3435114503816794,2.0916030534351147,-2.8702290076335877
1572895200562,-0.4013671875,-0.53076171875,0.59619140625,3.114503816793893,-2.16793893129771,-6.3816793893129775
1572895200562,-0.3955078125,-0.56396484375,0.5966796875,3.572519083969466,5.00763358778626,-4.748091603053435
1572895200563,-0.39599609375,-0.525390625,0.5673828125,5.267175572519084,2.564885496183206,0.3816793893129771
1572895200564,-0.3974609375,-0.52197265625,0.5966796875,1.4198473282442747,5.816793893129771,5.129770992366412
1572895200564,-0.392578125,-0.5654296875,0.59228515625,-0.24427480916030533,4.015267175572519,4.320610687022901
1572895200565,-0.39892578125,-0.5625,0.5908203125,-1.9389312977099236,0.21374045801526717,0.44274809160305345
1572895200664,-0.4208984375,-0.53125,0.59765625,-0.42748091603053434,-2.6106870229007635,3.3282442748091605
1572895200665,-0.40185546875,-0.533203125,0.5625,-0.8854961832061069,-1.251908396946565,-0.030534351145038167
1572895200665,-0.39599609375,-0.51904296875,0.59130859375,2.0,-5.4961832061068705,-3.099236641221374
1572895200666,-0.4033203125,-0.52490234375,0.55810546875,1.0534351145038168,-0.24427480916030533,-3.7709923664122136
1572895200666,-0.39306640625,-0.52783203125,0.59423828125,5.786259541984733,3.068702290076336,-3.2213740458015265
1572895200667,-0.40283203125,-0.529296875,0.603515625,0.9007633587786259,-8.717557251908397,1.099236641221374
1572895200667,-0.396484375,-0.5263671875,0.59619140625,-1.6641221374045803,-1.465648854961832,3.83206106870229
1572895200668,-0.404296875,-0.5302734375,0.560546875,-1.251908396946565,-0.015267175572519083,-10.793893129770993
1572895200669,-0.4013671875,-0.52099609375,0.5615234375,2.2900763358778624,-3.7404580152671754,-0.5801526717557252
1572895200669,-0.396484375,-0.52392578125,0.56201171875,-1.5725190839694656,0.549618320610687,-1.7709923664122138
1572895200670,-0.40625,-0.5263671875,0.560546875,-1.1603053435114503,-4.900763358778626,1.1297709923664123
1572895200769,-0.39404296875,-0.52392578125,0.6015625,2.7786259541984735,-1.6793893129770991,-1.2366412213740459
1572895200769,-0.40234375,-0.5302734375,0.560546875,1.1450381679389312,-0.48854961832061067,-3.7709923664122136
1572895200770,-0.439453125,-0.52392578125,0.60546875,-1.251908396946565,0.07633587786259542,-0.6564885496183206
1572895200771,-0.3984375,-0.53369140625,0.583984375,0.9618320610687023,-2.4122137404580153,-1.3435114503816794
1572895200771,-0.39404296875,-0.5224609375,0.5703125,4.99236641221374,0.5801526717557252,-4.900763358778626
1572895200771,-0.4033203125,-0.5341796875,0.59375,1.6946564885496183,4.961832061068702,-2.0
1572895200772,-0.39794921875,-0.52587890625,0.6015625,0.44274809160305345,3.1297709923664123,-2.549618320610687
1572895200773,-0.3935546875,-0.52978515625,0.5966796875,-1.7251908396946565,0.04580152671755725,0.0916030534351145
1572895200773,-0.40087890625,-0.52783203125,0.56201171875,0.9618320610687023,4.076335877862595,-3.2213740458015265
1572895200775,-0.400390625,-0.56201171875,0.60107421875,-1.251908396946565,0.8091603053435115,-1.6488549618320612
1572895200874,-0.4033203125,-0.56494140625,0.556640625,-1.3435114503816794,-2.885496183206107,3.7251908396946565
1572895200874,-0.4033203125,-0.57080078125,0.59521484375,6.656488549618321,1.3740458015267176,-3.312977099236641
1572895200875,-0.44384765625,-0.572265625,0.59033203125,3.2061068702290076,4.580152671755725,-2.381679389312977
1572895200875,-0.3935546875,-0.5263671875,0.59423828125,-0.061068702290076333,3.6030534351145036,-4.0
1572895200876,-0.3974609375,-0.5234375,0.5927734375,-1.6641221374045803,4.122137404580153,-8.748091603053435
1572895200876,-0.3955078125,-0.52490234375,0.55126953125,-1.9083969465648856,-8.870229007633588,-1.6488549618320612
1572895200877,-0.4169921875,-0.51806640625,0.59521484375,0.48854961832061067,-5.465648854961832,4.961832061068702
1572895200878,-0.39453125,-0.56298828125,0.59521484375,1.786259541984733,1.1908396946564885,-0.030534351145038167
1572895200878,-0.39404296875,-0.5302734375,0.59130859375,3.114503816793893,-1.0534351145038168,-5.755725190839694
1572895200885,-0.40185546875,-0.52880859375,0.5966796875,3.8473282442748094,-0.10687022900763359,-0.030534351145038167
1572895200980,-0.4052734375,-0.56103515625,0.60009765625,-0.9770992366412213,0.5190839694656488,0.4122137404580153
1572895200980,-0.40380859375,-0.5634765625,0.595703125,3.0229007633587788,-2.50381679389313,-2.8396946564885495
1572895200981,-0.40283203125,-0.5654296875,0.55224609375,-1.9083969465648856,0.16793893129770993,0.6870229007633588
1572895200981,-0.40380859375,-0.56591796875,0.5537109375,4.396946564885496,6.0458015267175576,2.030534351145038
1572895200981,-0.3994140625,-0.533203125,0.56494140625,0.48854961832061067,-1.5572519083969465,1.7099236641221374
1572895200982,-0.40087890625,-0.53564453125,0.5576171875,0.7633587786259542,1.2061068702290076,-9.251908396946565
1572895200982,-0.4052734375,-0.529296875,0.54833984375,-0.15267175572519084,-7.770992366412214,-2.549618320610687
1572895200983,-0.39306640625,-0.5302734375,0.60009765625,2.6564885496183206,6.931297709923665,5.099236641221374
1572895200984,-0.3916015625,-0.52001953125,0.5986328125,5.694656488549619,-2.7938931297709924,-2.2442748091603053
1572895200984,-0.40087890625,-0.525390625,0.57763671875,5.7251908396946565,-7.4961832061068705,-5.038167938931298
1572895201085,-0.3935546875,-0.5263671875,0.57861328125,8.442748091603054,1.1755725190839694,-2.595419847328244

1572895201189,-0.39599609375,-0.517578125,0.60302734375,2.931297709923664,-3.83206106870229,-4.900763358778626
1572895201189,-0.39208984375,-0.52099609375,0.60400390625,-0.42748091603053434,-1.1450381679389312,-9.16030534351145
1572895201190,-0.40478515625,-0.55029296875,0.60205078125,-0.9770992366412213,-1.5572519083969465,0.366412213740458
1572895201191,-0.40087890625,-0.5263671875,0.6015625,2.183206106870229,-8.290076335877863,-3.1908396946564888
1572895201191,-0.43798828125,-0.53125,0.5673828125,-1.1603053435114503,-0.6717557251908397,-3.7709923664122136
1572895201192,-0.43994140625,-0.5283203125,0.587890625,2.7480916030534353,5.206106870229007,2.198473282442748
1572895201193,-0.43798828125,-0.55859375,0.5478515625,-0.6106870229007634,-0.6717557251908397,-1.5114503816793894
1572895201193,-0.39990234375,-0.52392578125,0.55712890625,2.0916030534351147,-0.5801526717557252,-2.549618320610687
1572895201194,-0.404296875,-0.52734375,0.54736328125,0.3053435114503817,4.580152671755725,-3.2213740458015265
1572895201194,-0.3935546875,-0.5244140625,0.56787109375,0.030534351145038167,0.9618320610687023,-3.3740458015267176
1572895201195,-0.3955078125,-0.52734375,0.572265625,1.633587786259542,-2.2290076335877864,-3.816793893129771
1572895201195,-0.3935546875,-0.52978515625,0.5830078125,1.786259541984733,1.7251908396946565,-5.435114503816794
1572895201196,-0.40087890625,-0.5302734375,0.5537109375,-5.435114503816794,-9.19083969465649,-0.8091603053435115
1572895201294,-0.4052734375,-0.5634765625,0.5546875,3.3893129770992365,5.0534351145038165,5.7251908396946565
1572895201294,-0.40234375,-0.5263671875,0.5654296875,-0.42748091603053434,2.0,-3.5419847328244276
1572895201295,-0.4013671875,-0.5244140625,0.5654296875,1.816793893129771,-5.465648854961832,-2.9160305343511452
1572895201295,-0.3984375,-0.53271484375,0.59326171875,-0.7938931297709924,6.519083969465649,-2.2748091603053435
1572895201296,-0.40673828125,-0.5615234375,0.5576171875,0.030534351145038167,6.0458015267175576,-3.312977099236641
1572895201297,-0.40869140625,-0.5263671875,0.59423828125,0.12213740458015267,-5.282442748091603,-0.07633587786259542
1572895201297,-0.40087890625,-0.5205078125,0.55029296875,0.3969465648854962,1.8778625954198473,1.7709923664122138
1572895201298,-0.40087890625,-0.52392578125,0.59521484375,-0.15267175572519084,-4.809160305343512,5.312977099236641
1572895201299,-0.400390625,-0.51611328125,0.5693359375,1.633587786259542,1.4045801526717556,-0.12213740458015267
1572895201299,-0.4072265625,-0.52197265625,0.58837890625,4.305343511450381,2.3206106870229006,-6.458015267175573
1572895201399,-0.39794921875,-0.5224609375,0.5947265625,0.44274809160305345,0.21374045801526717,0.5038167938931297
1572895201399,-0.400390625,-0.54296875,0.595703125,0.21374045801526717,-2.6106870229007635,-1.3740458015267176
1572895201400,-0.3955078125,-0.51708984375,0.6064453125,-1.6641221374045803,-1.7251908396946565,1.2213740458015268
1572895201400,-0.40576171875,-0.53076171875,0.56103515625,0.6717557251908397,4.33587786259542,-7.938931297709924
1572895201401,-0.4013671875,-0.529296875,0.59228515625,1.4198473282442747,3.5419847328244276,-4.122137404580153
1572895201402,-0.40380859375,-0.5673828125,0.59912109375,-5.068702290076335,-3.5419847328244276,-0.4580152671755725
1572895201402,-0.4345703125,-0.5634765625,0.57763671875,-0.061068702290076333,2.4732824427480917,8.320610687022901
1572895201403,-0.4072265625,-0.56103515625,0.552734375,1.2366412213740459,-4.687022900763359,2.16793893129771
1572895201403,-0.40771484375,-0.53662109375,0.564453125,-0.6106870229007634,1.816793893129771,0.916030534351145
1572895201405,-0.39990234375,-0.5556640625,0.55419921875,3.8473282442748094,1.251908396946565,-5.557251908396947
1572895201504,-0.41748046875,-0.560546875,0.56494140625,-5.66412213740458,3.8625954198473282,-5.374045801526718
1572895201504,-0.419921875,-0.52392578125,0.59716796875,1.2671755725190839,1.7709923664122138,-2.9923664122137406
1572895201505,-0.416015625,-0.5234375,0.6083984375,3.480916030534351,5.099236641221374,3.3282442748091605
1572895201505,-0.39892578125,-0.52587890625,0.56103515625,2.0610687022900764,5.435114503816794,3.3740458015267176
1572895201506,-0.375,-0.53271484375,0.59912109375,-1.4809160305343512,5.404580152671755,-3.1908396946564888
1572895201507,-0.439453125,-0.5234375,0.59326171875,0.9618320610687023,-5.572519083969466,-6.824427480916031
1572895201507,-0.3955078125,-0.5224609375,0.60009765625,1.3587786259541985,4.687022900763359,-0.3969465648854962
1572895201508,-0.43505859375,-0.537109375,0.59912109375,-1.7251908396946565,-3.7404580152671754,-1.1450381679389312
1572895201508,-0.39892578125,-0.52783203125,0.55908203125,4.030534351145038,3.83206106870229,-4.396946564885496
1572895201509,-0.40673828125,-0.55859375,0.55224609375,4.351145038167939,0.3053435114503817,-5.343511450381679
1572895201510,-0.4169921875,-0.56396484375,0.5498046875,-1.6641221374045803,2.030534351145038,-6.366412213740458
1572895201609,-0.419921875,-0.572265625,0.595703125,0.6259541984732825,-5.374045801526718,-3.3587786259541983
1572895201609,-0.3974609375,-0.54736328125,0.556640625,4.67175572519084,0.07633587786259542,4.1679389312977095
1572895201610,-0.42138671875,-0.52392578125,0.5615234375,1.2366412213740459,5.0534351145038165,1.816793893129771
1572895201611,-0.392578125,-0.57080078125,0.55712890625,2.0,-8.15267175572519,-3.0076335877862594
1572895201611,-0.41259765625,-0.52001953125,0.6044921875,0.8549618320610687,-3.2061068702290076,-7.816793893129771
1572895201612,-0.42041015625,-0.52880859375,0.607421875,4.763358778625954,0.9312977099236641,-3.2213740458015265
1572895201612,-0.39208984375,-0.529296875,0.5986328125,0.3053435114503817,4.122137404580153,-2.3053435114503817
1572895201613,-0.396484375,-0.5224609375,0.60546875,2.1526717557251906,5.633587786259542,2.9160305343511452
1572895201614,-0.4189453125,-0.546875,0.54833984375,3.66412213740458,5.251908396946565,-4.748091603053435
1572895201614,-0.43994140625,-0.51708984375,0.60546875,-0.7022900763358778,-1.4351145038167938,-0.9465648854961832
1572895201714,-0.4423828125,-0.53515625,0.6015625,-3.145038167938931,5.282442748091603,-2.8091603053435112
1572895201714,-0.4052734375,-0.5458984375,0.5498046875,5.419847328244275,3.7709923664122136,-0.030534351145038167
1572895201715,-0.44189453125,-0.56640625,0.56005859375,-1.251908396946565,-3.450381679389313,4.290076335877862
1572895201715,-0.40185546875,-0.5263671875,0.55224609375,-0.10687022900763359,-3.954198473282443,-3.984732824427481
1572895201716,-0.39892578125,-0.5185546875,0.568359375,-1.8473282442748091,3.114503816793893,4.229007633587786
1572895201717,-0.3935546875,-0.560546875,0.56396484375,-1.3435114503816794,0.366412213740458,-2.7786259541984735
1572895201717,-0.39892578125,-0.529296875,0.5947265625,0.9618320610687023,0.6412213740458015,-5.374045801526718
1572895201718,-0.4150390625,-0.52392578125,0.60791015625,-1.0687022900763359,0.7786259541984732,-4.656488549618321
1572895201719,-0.4130859375,-0.52294921875,0.55908203125,3.2061068702290076,-4.778625954198473,-2.183206106870229
1572895201719,-0.41357421875,-0.52490234375,0.603515625,-0.8854961832061069,4.870229007633588,-4.564885496183206
1572895201819,-0.40576171875,-0.55029296875,0.556640625,5.419847328244275,-1.4961832061068703,0.6412213740458015
1572895201819,-0.44091796875,-0.5625,0.5966796875,1.8778625954198473,-2.4122137404580153,0.030534351145038167
1572895201820,-0.41455078125,-0.578125,0.59912109375,1.450381679389313,1.1908396946564885,0.5954198473282443
1572895201820,-0.45166015625,-0.52490234375,0.5634765625,1.2366412213740459,8.534351145038167,-0.16793893129770993
1572895201821,-0.40380859375,-0.56396484375,0.591796875,-1.4809160305343512,7.419847328244275,-0.9007633587786259
1572895201822,-0.39892578125,-0.5224609375,0.59521484375,0.8091603053435115,8.625954198473282,1.633587786259542
1572895201823,-0.39453125,-0.517578125,0.55712890625,4.717557251908397,-3.83206106870229,-3.786259541984733
1572895201823,-0.39794921875,-0.572265625,0.6044921875,-3.6946564885496183,2.6564885496183206,-4.748091603053435
1572895201823,-0.400390625,-0.5224609375,0.58154296875,4.534351145038168,-5.786259541984733,0.549618320610687
1572895201824,-0.404296875,-0.544921875,0.5966796875,-5.7251908396946565,0.07633587786259542,-0.8702290076335878
1572895201825,-0.404296875,-0.5234375,0.55615234375,-1.4351145038167938,-4.305343511450381,-2.1526717557251906
1572895201924,-0.40234375,-0.5615234375,0.56103515625,-0.9770992366412213,-0.7786259541984732,-8.80916030534351
1572895201925,-0.39892578125,-0.525390625,0.56494140625,5.816793893129771,0.015267175572519083,-2.8091603053435112
1572895201925,-0.39306640625,-0.529296875,0.56201171875,2.0916030534351147,3.83206106870229,-3.435114503816794
1572895201929,-0.4482421875,-0.5517578125,0.59326171875,-0.5648854961832062,-0.8702290076335878,-0.48854961832061067
1572895201929,-0.404296875,-0.52490234375,0.56640625,-0.9312977099236641,8.717557251908397,-1.4351145038167938
1572895201929,-0.4208984375,-0.5224609375,0.56201171875,-1.297709923664122,3.5114503816793894,5.358778625954199
1572895201929,-0.39453125,-0.5302734375,0.560546875,-0.24427480916030533,-1.5267175572519085,-4.351145038167939
1572895201929,-0.41845703125,-0.52734375,0.56103515625,2.564885496183206,-5.00763358778626,-2.7480916030534353
1572895201930,-0.39404296875,-0.52490234375,0.5517578125,4.67175572519084,1.5267175572519085,-8.564885496183207
1572895201930,-0.396484375,-0.5322265625,0.5751953125,0.3053435114503817,3.236641221374046,-5.374045801526718
1572895202029,-0.392578125,-0.5595703125,0.58642578125,1.786259541984733,4.717557251908397,1.786259541984733
1572895202031,-0.41259765625,-0.5712890625,0.58056640625,4.076335877862595,5.7251908396946565,0.5038167938931297
1572895202032,-0.4111328125,-0.50146484375,0.595703125,-0.7022900763358778,1.7404580152671756,-2.50381679389313
1572895202032,-0.408203125,-0.56689453125,0.6015625,0.7633587786259542,3.801526717557252,6.259541984732825
1572895202032,-0.41357421875,-0.53271484375,0.55810546875,1.633587786259542,-0.8702290076335878,-3.5419847328244276
1572895202032,-0.39990234375,-0.564453125,0.5615234375,-0.061068702290076333,1.816793893129771,-5.129770992366412
1572895202033,-0.4013671875,-0.517578125,0.6044921875,-1.3435114503816794,-2.3206106870229006,-8.83969465648855
1572895202033,-0.44482421875,-0.572265625,0.5546875,-1.618320610687023,-0.4580152671755725,0.9465648854961832
1572895202034,-0.40478515625,-0.525390625,0.59375,1.450381679389313,1.4351145038167938,-2.4580152671755724
1572895202035,-0.40185546875,-0.52734375,0.55322265625,1.3282442748091603,2.4122137404580153,4.5038167938931295
1572895202037,-0.40478515625,-0.52294921875,0.5771484375,2.7480916030534353,1.618320610687023,-2.9923664122137406
1572895202135,-0.40185546875,-0.51806640625,0.60107421875,-1.0687022900763359,1.618320610687023,-0.8396946564885496

1572895202137,-0.41748046875,-0.52001953125,0.59423828125,0.030534351145038167,-3.3587786259541983,-4.351145038167939
1572895202137,-0.392578125,-0.5263671875,0.58837890625,-1.251908396946565,-3.7404580152671754,-0.7175572519083969
1572895202138,-0.39453125,-0.5263671875,0.59521484375,-0.9770992366412213,5.1603053435114505,-3.49618320610687
1572895202138,-0.396484375,-0.560546875,0.59716796875,2.2900763358778624,1.816793893129771,2.030534351145038
1572895202138,-0.41748046875,-0.517578125,0.56396484375,4.99236641221374,2.030534351145038,1.8473282442748091
1572895202139,-0.400390625,-0.5166015625,0.56103515625,-1.9083969465648856,2.0,5.572519083969466
1572895202140,-0.3984375,-0.56494140625,0.5791015625,1.816793893129771,-5.435114503816794,-3.2213740458015265
1572895202140,-0.40478515625,-0.53369140625,0.55908203125,1.0534351145038168,6.473282442748092,-0.8702290076335878
1572895202239,-0.3984375,-0.52490234375,0.59326171875,5.633587786259542,2.3206106870229006,-4.778625954198473
1572895202239,-0.40087890625,-0.56298828125,0.56005859375,-1.1603053435114503,-5.0534351145038165,-4.259541984732825
1572895202240,-0.39306640625,-0.53125,0.59521484375,-1.8473282442748091,4.748091603053435,0.22900763358778625
1572895202241,-0.3935546875,-0.51953125,0.5546875,-5.1603053435114505,5.312977099236641,-0.42748091603053434
1572895202241,-0.400390625,-0.5234375,0.6025390625,2.7480916030534353,-3.068702290076336,0.32061068702290074
1572895202242,-0.4013671875,-0.52490234375,0.56396484375,-0.9770992366412213,2.50381679389313,-1.3740458015267176
1572895202242,-0.435546875,-0.5302734375,0.54931640625,-0.24427480916030533,-5.251908396946565,-2.366412213740458
1572895202243,-0.39794921875,-0.5224609375,0.564453125,-0.7938931297709924,1.9389312977099236,-2.9618320610687023
1572895202244,-0.39111328125,-0.53173828125,0.59375,0.21374045801526717,-0.7786259541984732,4.076335877862595
1572895202244,-0.39453125,-0.5302734375,0.5966796875,1.816793893129771,-5.190839694656488,1.7251908396946565
1572895202245,-0.39208984375,-0.52587890625,0.595703125,-1.5267175572519085,-0.3969465648854962,-2.1526717557251906
1572895202344,-0.39794921875,-0.517578125,0.60546875,-0.15267175572519084,-4.427480916030534,1.9083969465648856
1572895202345,-0.39306640625,-0.5283203125,0.5947265625,2.381679389312977,-1.618320610687023,-5.1603053435114505
1572895202345,-0.42138671875,-0.52734375,0.5537109375,-0.7938931297709924,-3.267175572519084,3.9083969465648853
1572895202345,-0.41943359375,-0.537109375,0.59521484375,-0.33587786259541985,-2.3206106870229006,-3.7251908396946565
1572895202346,-0.39453125,-0.52392578125,0.56005859375,3.0229007633587788,0.549618320610687,-2.717557251908397
1572895202346,-0.40283203125,-0.5283203125,0.60107421875,1.2671755725190839,-0.9923664122137404,-1.7404580152671756
1572895202347,-0.39404296875,-0.56689453125,0.59521484375,-4.656488549618321,-0.48854961832061067,7.068702290076335
1572895202348,-0.40380859375,-0.5166015625,0.548828125,3.3893129770992365,-5.0534351145038165,-1.7099236641221374
1572895202349,-0.3984375,-0.5224609375,0.58837890625,-0.8854961832061069,-6.67175572519084,1.8778625954198473
1572895202349,-0.3974609375,-0.5263671875,0.5966796875,-1.1603053435114503,0.21374045801526717,-2.564885496183206
1572895202449,-0.4091796875,-0.51806640625,0.59228515625,4.99236641221374,-5.633587786259542,-3.267175572519084
1572895202449,-0.3935546875,-0.52783203125,0.55859375,-0.15267175572519084,-1.5267175572519085,-4.152671755725191
1572895202450,-0.39404296875,-0.52783203125,0.55224609375,-1.9389312977099236,0.10687022900763359,3.572519083969466
1572895202450,-0.4033203125,-0.56396484375,0.59619140625,4.305343511450381,2.9770992366412212,1.5725190839694656
1572895202451,-0.39501953125,-0.56103515625,0.55126953125,0.3053435114503817,0.8396946564885496,-0.8396946564885496
1572895202451,-0.39599609375,-0.53271484375,0.60205078125,0.5801526717557252,1.7251908396946565,-5.465648854961832
1572895202452,-0.392578125,-0.52880859375,0.5966796875,-1.3435114503816794,-3.83206106870229,-0.42748091603053434
1572895202453,-0.421875,-0.52392578125,0.60546875,1.633587786259542,3.068702290076336,1.4198473282442747
1572895202454,-0.40185546875,-0.52001953125,0.54931640625,4.305343511450381,5.282442748091603,4.229007633587786
1572895202454,-0.3994140625,-0.52734375,0.59912109375,1.083969465648855,1.7251908396946565,-2.0
1572895202456,-0.400390625,-0.5634765625,0.58935546875,-0.33587786259541985,4.305343511450381,0.22900763358778625
1572895202554,-0.43798828125,-0.533203125,0.59814453125,-0.7938931297709924,2.6564885496183206,-5.526717557251908
1572895202554,-0.39111328125,-0.52294921875,0.56494140625,5.175572519083969,-2.4122137404580153,-0.16793893129770993
1572895202555,-0.3974609375,-0.556640625,0.56298828125,-1.3893129770992367,1.1450381679389312,6.977099236641221
1572895202555,-0.4033203125,-0.52587890625,0.60595703125,1.3282442748091603,1.9083969465648856,3.5114503816793894
1572895202556,-0.39453125,-0.52197265625,0.55517578125,0.5801526717557252,1.816793893129771,4.595419847328245
1572895202557,-0.392578125,-0.525390625,0.5595703125,-1.618320610687023,0.10687022900763359,-7.1603053435114505
1572895202557,-0.40185546875,-0.5537109375,0.59326171875,5.7251908396946565,-0.48854961832061067,-2.427480916030534
1572895202558,-0.4052734375,-0.51953125,0.59619140625,2.0916030534351147,1.618320610687023,0.1984732824427481
1572895202559,-0.404296875,-0.5185546875,0.55908203125,-1.0687022900763359,-1.9083969465648856,0.5954198473282443
1572895202562,-0.3916015625,-0.52490234375,0.5693359375,-1.251908396946565,2.0,2.198473282442748
1572895202659,-0.39208984375,-0.52587890625,0.5966796875,-1.618320610687023,1.8778625954198473,-4.442748091603053
1572895202659,-0.40185546875,-0.56591796875,0.59423828125,-0.5190839694656488,0.2595419847328244,-0.6564885496183206
1572895202660,-0.3955078125,-0.517578125,0.56689453125,5.816793893129771,-0.48854961832061067,1.6641221374045803
1572895202660,-0.39501953125,-0.53271484375,0.5986328125,1.786259541984733,-3.114503816793893,-1.7099236641221374
1572895202661,-0.4072265625,-0.5400390625,0.564453125,4.961832061068702,-0.48854961832061067,-5.206106870229007
1572895202662,-0.3994140625,-0.55859375,0.576171875,4.900763358778626,-2.381679389312977,0.10687022900763359
1572895202662,-0.3935546875,-0.5693359375,0.59375,1.5114503816793894,5.526717557251908,4.732824427480916
1572895202663,-0.42724609375,-0.57080078125,0.56103515625,-1.7251908396946565,2.0,-1.6488549618320612
1572895202664,-0.3935546875,-0.56298828125,0.57666015625,5.145038167938932,4.015267175572519,-8.396946564885496
1572895202664,-0.40185546875,-0.525390625,0.5576171875,2.0916030534351147,-3.4198473282442747,-4.977099236641221
1572895202665,-0.39990234375,-0.56640625,0.5859375,8.534351145038167,-0.15267175572519084,-5.1603053435114505
1572895202869,-0.4072265625,-0.51904296875,0.56005859375,2.4732824427480917,-0.732824427480916,3.969465648854962
1572895202869,-0.40869140625,-0.52783203125,0.60400390625,0.0916030534351145,-0.366412213740458,2.045801526717557
1572895202870,-0.44189453125,-0.52001953125,0.5966796875,3.114503816793893,0.21374045801526717,1.4045801526717556
1572895202870,-0.40380859375,-0.52490234375,0.5673828125,1.6030534351145038,-3.648854961832061,-2.7480916030534353
1572895202871,-0.43994140625,-0.5341796875,0.56396484375,4.213740458015267,-0.9618320610687023,-8.030534351145038
1572895202872,-0.40478515625,-0.56640625,0.56396484375,2.183206106870229,-1.251908396946565,-9.022900763358779
1572895202873,-0.40234375,-0.56982421875,0.6005859375,0.7175572519083969,1.816793893129771,-1.2366412213740459
1572895202873,-0.41650390625,-0.537109375,0.60400390625,1.786259541984733,0.07633587786259542,3.8931297709923665
1572895202874,-0.3916015625,-0.52587890625,0.5966796875,4.870229007633588,3.5114503816793894,-1.3435114503816794
1572895202874,-0.40283203125,-0.5283203125,0.60107421875,-0.24427480916030533,-4.870229007633588,1.7557251908396947
1572895202875,-0.3935546875,-0.529296875,0.55810546875,2.2442748091603053,2.7022900763358777,-3.435114503816794
1572895202875,-0.396484375,-0.5634765625,0.56005859375,-0.061068702290076333,2.183206106870229,-3.816793893129771
1572895202876,-0.41748046875,-0.5458984375,0.57373046875,-1.9389312977099236,-3.3282442748091605,8.13740458015267
1572895202974,-0.39501953125,-0.52490234375,0.595703125,-2.3053435114503817,1.3587786259541985,-2.198473282442748
1572895202974,-0.3955078125,-0.52099609375,0.56640625,-0.8854961832061069,5.190839694656488,-0.12213740458015267
1572895202975,-0.404296875,-0.52001953125,0.5830078125,5.0534351145038165,-5.251908396946565,0.3816793893129771
1572895202975,-0.39892578125,-0.521484375,0.55517578125,1.3587786259541985,-3.7709923664122136,3.786259541984733
1572895202976,-0.4033203125,-0.52294921875,0.59619140625,5.358778625954199,-1.5267175572519085,-4.534351145038168
1572895202977,-0.40673828125,-0.529296875,0.55419921875,-0.061068702290076333,5.938931297709924,-4.931297709923665
1572895202977,-0.42529296875,-0.52392578125,0.54931640625,-4.244274809160306,-0.5801526717557252,-3.3740458015267176
1572895202978,-0.40283203125,-0.52392578125,0.56201171875,1.1450381679389312,2.9770992366412212,0.8091603053435115
1572895202979,-0.39990234375,-0.52734375,0.59326171875,-0.7938931297709924,-1.282442748091603,-4.229007633587786
1572895203079,-0.39599609375,-0.52099609375,0.59619140625,3.8931297709923665,1.0229007633587786,0.2748091603053435
1572895203079,-0.39453125,-0.53076171875,0.55908203125,4.763358778625954,-4.427480916030534,-2.045801526717557
1572895203080,-0.3916015625,-0.52734375,0.59375,1.1450381679389312,1.618320610687023,5.480916030534351
1572895203081,-0.3916015625,-0.52294921875,0.59375,3.2977099236641223,-5.312977099236641,-5.343511450381679
1572895203081,-0.3974609375,-0.5263671875,0.5791015625,-0.7480916030534351,-0.366412213740458,-7.633587786259542
1572895203082,-0.39404296875,-0.529296875,0.57421875,-0.061068702290076333,-1.816793893129771,-5.465648854961832
1572895203082,-0.40380859375,-0.52001953125,0.5908203125,3.3893129770992365,4.015267175572519,-5.557251908396947
1572895203084,-0.40673828125,-0.5302734375,0.6005859375,2.7480916030534353,-3.8625954198473282,1.5114503816793894
1572895203184,-0.3994140625,-0.525390625,0.591796875,1.1450381679389312,5.435114503816794,-1.5572519083969465

1572895203184,-0.40185546875,-0.52587890625,0.55322265625,4.625954198473282,-0.7786259541984732,3.4656488549618323
1572895203185,-0.43505859375,-0.53076171875,0.56396484375,-0.15267175572519084,-0.15267175572519084,-3.8931297709923665
1572895203185,-0.39892578125,-0.52587890625,0.59716796875,1.8778625954198473,3.2061068702290076,-8.030534351145038
1572895203186,-0.39990234375,-0.5244140625,0.6083984375,5.541984732824427,-3.9236641221374047,0.16793893129770993
1572895203187,-0.396484375,-0.525390625,0.5634765625,2.931297709923664,2.763358778625954,2.122137404580153
1572895203187,-0.40087890625,-0.54541015625,0.60205078125,3.984732824427481,-4.625954198473282,-2.7786259541984735
1572895203188,-0.4013671875,-0.52978515625,0.56103515625,4.961832061068702,0.8396946564885496,-4.183206106870229
1572895203189,-0.41943359375,-0.52880859375,0.56103515625,0.7633587786259542,5.786259541984733,-5.465648854961832
1572895203189,-0.39892578125,-0.529296875,0.6015625,1.6030534351145038,-2.3206106870229006,0.10687022900763359
1572895203190,-0.40283203125,-0.51806640625,0.56591796875,-0.24427480916030533,0.549618320610687,0.3816793893129771
1572895203191,-0.40185546875,-0.52783203125,0.5693359375,3.572519083969466,0.07633587786259542,-4.030534351145038
1572895203290,-0.39306640625,-0.5244140625,0.603515625,-0.183206106870229,-1.7251908396946565,0.8549618320610687
1572895203290,-0.39501953125,-0.51953125,0.56103515625,4.961832061068702,-0.7786259541984732,-4.763358778625954
1572895203290,-0.435546875,-0.5205078125,0.59765625,0.48854961832061067,-1.0534351145038168,-1.465648854961832
1572895203291,-0.3984375,-0.5283203125,0.595703125,-0.15267175572519084,1.4961832061068703,-3.618320610687023
1572895203291,-0.40380859375,-0.521484375,0.60107421875,4.351145038167939,-0.24427480916030533,3.786259541984733
1572895203292,-0.39404296875,-0.56103515625,0.556640625,0.6717557251908397,-4.625954198473282,-4.763358778625954
1572895203292,-0.40478515625,-0.51611328125,0.56640625,1.6946564885496183,8.80916030534351,-3.312977099236641
1572895203293,-0.39599609375,-0.53369140625,0.60009765625,5.358778625954199,-1.1145038167938932,-5.786259541984733
1572895203294,-0.39794921875,-0.52392578125,0.59765625,-0.15267175572519084,-1.251908396946565,-2.900763358778626
1572895203294,-0.39990234375,-0.52880859375,0.59521484375,0.366412213740458,-5.251908396946565,4.9465648854961835
1572895203295,-0.396484375,-0.533203125,0.595703125,4.534351145038168,5.282442748091603,-1.618320610687023
1572895203396,-0.396484375,-0.5244140625,0.5966796875,-1.9389312977099236,2.763358778625954,-9.740458015267176
1572895203396,-0.40087890625,-0.56689453125,0.5576171875,-1.0229007633587786,0.549618320610687,-4.931297709923665
1572895203396,-0.40283203125,-0.5205078125,0.56640625,-1.0687022900763359,1.7251908396946565,0.366412213740458
1572895203396,-0.40185546875,-0.5263671875,0.60595703125,-1.3435114503816794,1.4351145038167938,-4.396946564885496
1572895203396,-0.400390625,-0.5205078125,0.60009765625,-1.9083969465648856,-5.847328244274809,-4.931297709923665
1572895203397,-0.400390625,-0.5263671875,0.56005859375,0.6717557251908397,2.2900763358778624,-1.5267175572519085
1572895203397,-0.396484375,-0.52099609375,0.6025390625,0.3053435114503817,4.580152671755725,3.6030534351145036
1572895203398,-0.40087890625,-0.5224609375,0.60546875,3.3893129770992365,-2.2595419847328246,-2.9160305343511452
1572895203398,-0.4208984375,-0.51806640625,0.59375,1.9083969465648856,1.0229007633587786,-0.9007633587786259
1572895203399,-0.3994140625,-0.5224609375,0.59228515625,4.717557251908397,-1.3435114503816794,-8.351145038167939
1572895203499,-0.40478515625,-0.525390625,0.56201171875,0.6717557251908397,-9.19083969465649,0.42748091603053434
1572895203500,-0.3984375,-0.5263671875,0.55810546875,1.786259541984733,3.450381679389313,-1.5267175572519085
1572895203500,-0.39453125,-0.52490234375,0.59912109375,0.9007633587786259,-2.7022900763358777,-2.030534351145038
1572895203500,-0.3974609375,-0.52978515625,0.59521484375,-1.5725190839694656,-0.21374045801526717,-3.816793893129771
1572895203501,-0.39208984375,-0.5263671875,0.59716796875,2.564885496183206,0.3053435114503817,1.9389312977099236
1572895203502,-0.4013671875,-0.525390625,0.59814453125,-0.7938931297709924,-5.374045801526718,5.770992366412214
1572895203502,-0.39599609375,-0.529296875,0.568359375,4.396946564885496,0.366412213740458,4.320610687022901
1572895203503,-0.396484375,-0.51953125,0.60205078125,2.4732824427480917,-2.854961832061069,-4.183206106870229
1572895203504,-0.3984375,-0.51904296875,0.5908203125,-0.7938931297709924,1.5267175572519085,0.0
1572895203505,-0.39599609375,-0.52490234375,0.56201171875,-1.7557251908396947,2.7022900763358777,-4.564885496183206
1572895203604,-0.39111328125,-0.52197265625,0.5927734375,4.870229007633588,1.3435114503816794,-2.595419847328244
1572895203604,-0.4169921875,-0.54541015625,0.583984375,-0.24427480916030533,1.4961832061068703,-0.0916030534351145
1572895203605,-0.39501953125,-0.5302734375,0.6005859375,2.564885496183206,0.7786259541984732,-5.114503816793893
1572895203605,-0.400390625,-0.53076171875,0.564453125,1.3587786259541985,-7.297709923664122,-2.1526717557251906
1572895203606,-0.40185546875,-0.5625,0.576171875,0.7633587786259542,1.4045801526717556,4.5038167938931295
1572895203606,-0.4013671875,-0.53076171875,0.552734375,0.9618320610687023,-0.10687022900763359,-4.396946564885496
1572895203607,-0.40966796875,-0.5244140625,0.6083984375,-0.24427480916030533,4.641221374045801,-4.625954198473282
1572895203608,-0.40087890625,-0.5244140625,0.5537109375,-1.8473282442748091,2.7022900763358777,-8.396946564885496
1572895203609,-0.40478515625,-0.52001953125,0.60546875,3.66412213740458,-5.755725190839694,-0.48854961832061067
1572895203609,-0.4169921875,-0.52392578125,0.59423828125,0.16793893129770993,3.9236641221374047,1.3282442748091603
1572895203610,-0.41845703125,-0.51953125,0.60498046875,-0.42748091603053434,4.427480916030534,3.6030534351145036
1572895203712,-0.41455078125,-0.5263671875,0.5927734375,5.7251908396946565,2.2900763358778624,-0.12213740458015267
1572895203712,-0.4169921875,-0.5302734375,0.5595703125,3.053435114503817,7.358778625954199,-4.213740458015267
1572895203815,-0.419921875,-0.57470703125,0.564453125,-1.4351145038167938,-0.15267175572519084,0.1984732824427481
1572895203815,-0.3994140625,-0.5205078125,0.55908203125,-3.9083969465648853,1.4045801526717556,-7.221374045801527
1572895203919,-0.39404296875,-0.52490234375,0.552734375,4.259541984732825,0.6717557251908397,3.7251908396946565
1572895203919,-0.3974609375,-0.529296875,0.55712890625,-0.061068702290076333,7.603053435114504,2.381679389312977
1572895204024,-0.447265625,-0.52783203125,0.5947265625,7.526717557251908,-1.8778625954198473,-6.961832061068702
1572895204129,-0.4384765625,-0.52734375,0.572265625,6.106870229007634,5.679389312977099,7.297709923664122
1572895204129,-0.40966796875,-0.5224609375,0.6005859375,5.312977099236641,1.4045801526717556,-4.366412213740458
1572895204234,-0.3994140625,-0.5244140625,0.60791015625,1.2671755725190839,3.5877862595419847,-5.32824427480916

1572895204235,-0.39892578125,-0.53076171875,0.60888671875,-3.786259541984733,5.435114503816794,2.549618320610687
1572895204339,-0.419921875,-0.52734375,0.57861328125,4.488549618320611,1.099236641221374,-6.183206106870229
1572895204339,-0.4150390625,-0.52734375,0.59814453125,0.3053435114503817,-1.6793893129770991,-3.8473282442748094
1572895204493,-0.44091796875,-0.53076171875,0.59130859375,0.6259541984732825,-0.9312977099236641,-3.2213740458015265
1572895204549,-0.4072265625,-0.533203125,0.552734375,3.8473282442748094,5.526717557251908,0.8091603053435115
1572895204549,-0.39306640625,-0.52197265625,0.60400390625,-0.8854961832061069,-2.4122137404580153,3.2977099236641223
1572895204654,-0.400390625,-0.53125,0.56494140625,-1.4351145038167938,10.732824427480915,-3.816793893129771
1572895204654,-0.39501953125,-0.51904296875,0.5927734375,-1.7251908396946565,-0.5801526717557252,0.5038167938931297
1572895204759,-0.39453125,-0.52783203125,0.59521484375,2.7938931297709924,0.3969465648854962,-6.778625954198473
1572895204760,-0.4267578125,-0.525390625,0.6044921875,4.030534351145038,-1.3435114503816794,-5.6183206106870225
1572895204864,-0.4013671875,-0.52734375,0.6005859375,0.8091603053435115,-4.870229007633588,-2.50381679389313
1572895204865,-0.40478515625,-0.52490234375,0.583984375,-2.183206106870229,10.931297709923664,4.106870229007634
1572895204969,-0.4033203125,-0.5263671875,0.599609375,-1.984732824427481,4.229007633587786,-10.595419847328245
1572895204970,-0.39794921875,-0.521484375,0.607421875,0.6717557251908397,2.3206106870229006,4.641221374045801
1572895205075,-0.396484375,-0.56689453125,0.55126953125,0.2595419847328244,0.6412213740458015,-4.396946564885496
1572895205075,-0.40625,-0.5361328125,0.5595703125,3.3893129770992365,5.816793893129771,1.2671755725190839
1572895205179,-0.41845703125,-0.517578125,0.58056640625,4.396946564885496,5.1603053435114505,-3.3587786259541983
1572895205180,-0.4189453125,-0.525390625,0.556640625,4.030534351145038,-1.3435114503816794,1.2366412213740459
1572895205284,-0.3984375,-0.52783203125,0.55615234375,-1.4809160305343512,2.381679389312977,0.183206106870229

1572895205290,-0.40576171875,-0.53564453125,0.58544921875,1.6030534351145038,-3.5267175572519083,-1.83206106870229
1572895205390,-0.39794921875,-0.52587890625,0.59521484375,4.259541984732825,4.122137404580153,3.068702290076336
1572895205390,-0.40283203125,-0.525390625,0.59423828125,0.44274809160305345,1.1145038167938932,-1.2213740458015268
1572895205494,-0.404296875,-0.5234375,0.5537109375,1.786259541984733,6.854961832061068,-4.8396946564885495
1572895205494,-0.3994140625,-0.55908203125,0.5537109375,0.3969465648854962,-0.3969465648854962,-3.5114503816793894
1572895205705,-0.39892578125,-0.5654296875,0.5615234375,4.580152671755725,-0.8702290076335878,-10.412213740458014
1572895205705,-0.3935546875,-0.5458984375,0.595703125,2.7022900763358777,2.4122137404580153,0.549618320610687
1572895205809,-0.41845703125,-0.5322265625,0.60107421875,5.236641221374046,-3.3587786259541983,-3.2519083969465647
1572895205809,-0.4375,-0.52294921875,0.599609375,-5.526717557251908,-4.778625954198473,8.732824427480915
1572895205914,-0.39404296875,-0.52783203125,0.60498046875,-1.297709923664122,0.4580152671755725,-1.8778625954198473
1572895205914,-0.39990234375,-0.52734375,0.5595703125,-1.7251908396946565,0.732824427480916,-5.694656488549619
1572895206020,-0.4013671875,-0.5439453125,0.60400390625,-1.618320610687023,-1.5877862595419847,-0.5801526717557252
1572895206020,-0.39892578125,-0.5234375,0.60302734375,-2.763358778625954,-0.10687022900763359,-2.9618320610687023
1572895206124,-0.396484375,-0.52490234375,0.60302734375,-4.091603053435114,3.1755725190839694,-3.7709923664122136
1572895206124,-0.400390625,-0.5224609375,0.5517578125,5.267175572519084,5.7251908396946565,0.9465648854961832
1572895206232,-0.39990234375,-0.5185546875,0.59912109375,4.396946564885496,2.1526717557251906,4.763358778625954
1572895206232,-0.40869140625,-0.52099609375,0.59814453125,-1.7251908396946565,3.099236641221374,4.183206106870229
1572895206334,-0.43408203125,-0.5244140625,0.55908203125,-1.5725190839694656,8.15267175572519,6.3816793893129775
